[{"id": 0, "img_name": "frame_0001.jpg", "width": 1060, "height": 1890, "position": [0.2626841264947984, 0.6296989198978901, -3.43121059777082], "rotation": [[0.9971480703983313, -0.07348300160179512, -0.017203900036767424], [0.07535154269012577, 0.982138869843122, 0.172410514057273], [0.004227376858367888, -0.17321515181665126, 0.9848749364594633]], "fy": 1710.9776240478311, "fx": 1710.4951518591204}, {"id": 1, "img_name": "frame_0009.jpg", "width": 1060, "height": 1890, "position": [0.5821772703941791, 3.043103662885085, -2.880405173010364], "rotation": [[0.9976354845082205, -0.036800015656480466, -0.05804480078121249], [0.011035247669045178, 0.9193805047831691, -0.3932145861149199], [0.06783556116765518, 0.3916442853819364, 0.9176127126237634]], "fy": 1710.9776240478311, "fx": 1710.4951518591204}, {"id": 2, "img_name": "frame_0017.jpg", "width": 1060, "height": 1890, "position": [0.5013228027003725, 1.7359280376115136, -2.683503290984939], "rotation": [[0.9965363471868011, -0.06100078999794065, -0.05651736330734621], [0.05371903100067627, 0.9910208257893888, -0.12244177620430999], [0.0634789291334991, 0.11898162241012301, 0.9908651770471698]], "fy": 1710.9776240478311, "fx": 1710.4951518591204}, {"id": 3, "img_name": "frame_0025.jpg", "width": 1060, "height": 1890, "position": [2.2944896736663565, 0.8526406330490521, -2.4500805464353914], "rotation": [[0.8156027362369614, 0.29395879879803316, -0.49837776962059516], [-0.2954040025449311, 0.9521678114074732, 0.07818525564284459], [0.4975225139862676, 0.08345467948964899, 0.8634272780889333]], "fy": 1710.9776240478311, "fx": 1710.4951518591204}, {"id": 4, "img_name": "frame_0033.jpg", "width": 1060, "height": 1890, "position": [3.5839028055822677, -0.9042673518474887, -0.2190656956339508], "rotation": [[0.2723467513651325, 0.5511535284150066, -0.7887059243701336], [-0.49542504475177945, 0.7830095626156927, 0.37609845770101097], [0.8248522728668184, 0.2883154747287601, 0.48630537214632286]], "fy": 1710.9776240478311, "fx": 1710.4951518591204}, {"id": 5, "img_name": "frame_0041.jpg", "width": 1060, "height": 1890, "position": [2.742467656934951, -1.9709143120006, 2.376050369720388], "rotation": [[-0.640339055440448, 0.49673344894787086, -0.5858513248034763], [-0.26871677769692004, 0.5696575083803876, 0.7767120550950866], [0.7195534639356683, 0.6547871439194586, -0.23129333906530727]], "fy": 1710.9776240478311, "fx": 1710.4951518591204}, {"id": 6, "img_name": "frame_0049.jpg", "width": 1060, "height": 1890, "position": [-0.49819936557382205, -2.6506058968466912, 3.870320201705194], "rotation": [[-0.9494788216643447, -0.1397355377242072, 0.2810052432034215], [0.13523987148560854, 0.6258157119631735, 0.7681568015845347], [-0.28319630006665614, 0.7673517277995487, -0.5753009486100328]], "fy": 1710.9776240478311, "fx": 1710.4951518591204}, {"id": 7, "img_name": "frame_0057.jpg", "width": 1060, "height": 1890, "position": [-3.926188396839836, -0.3116168881348532, 1.462246209125365], "rotation": [[-0.0626031021545848, -0.29406367751168805, 0.9537334036138844], [0.2357412041988431, 0.9242104328750776, 0.30043495204077186], [-0.9697973686515663, 0.24364242104601455, 0.011464485306134057]], "fy": 1710.9776240478311, "fx": 1710.4951518591204}, {"id": 8, "img_name": "frame_0065.jpg", "width": 1060, "height": 1890, "position": [-2.4023165279897127, 1.0724767650511313, -2.0344315798789543], "rotation": [[0.8109398798838056, -0.007726871257508043, 0.5850784619814756], [0.023381037867121916, 0.999542114759311, -0.019206454403163143], [-0.5846621573886028, 0.029255021501521237, 0.8107492247511865]], "fy": 1710.9776240478311, "fx": 1710.4951518591204}, {"id": 9, "img_name": "frame_0074.jpg", "width": 1060, "height": 1890, "position": [-2.629248535645906, 1.5488993675611145, -0.9133357060423222], "rotation": [[0.6276176895429872, -0.16600636970039948, 0.7606168029905837], [0.3285712422373863, 0.9422066504020277, -0.06547951368765668], [-0.7057881938282216, 0.291012908918291, 0.6458904801091369]], "fy": 1710.9776240478311, "fx": 1710.4951518591204}, {"id": 10, "img_name": "frame_0082.jpg", "width": 1060, "height": 1890, "position": [-3.4278809338309264, 0.05693639027518767, 0.5746321574234313], "rotation": [[0.11816159658707817, -0.32944946073643044, 0.9367501747597741], [0.417890777208419, 0.8722523932544377, 0.2540532636791916], [-0.9007802925331658, 0.3614399193259933, 0.2407406266118858]], "fy": 1710.9776240478311, "fx": 1710.4951518591204}, {"id": 11, "img_name": "frame_0090.jpg", "width": 1060, "height": 1890, "position": [-3.0161943659972748, -0.8754747655034144, 1.9809196521608994], "rotation": [[-0.4633915278133801, -0.27042922525017965, 0.8438817014732385], [0.36810361727411595, 0.8075061788760992, 0.4609050857027209], [-0.8060818934205704, 0.5242154187044756, -0.27464554591691226]], "fy": 1710.9776240478311, "fx": 1710.4951518591204}, {"id": 12, "img_name": "frame_0098.jpg", "width": 1060, "height": 1890, "position": [-1.3470619399356683, -0.8991952714946764, 4.166997348852017], "rotation": [[-0.8959093510277479, -0.17220859530988275, 0.40950046940441504], [0.1289925566073484, 0.7812453002458035, 0.6107509322004709], [-0.42509687728909434, 0.5999999837877007, -0.6777113429579139]], "fy": 1710.9776240478311, "fx": 1710.4951518591204}, {"id": 13, "img_name": "frame_0106.jpg", "width": 1060, "height": 1890, "position": [2.240607589288932, -0.9911874585178698, 3.317023797120942], "rotation": [[-0.7845617757860951, 0.04735540428829595, -0.6182396668445503], [-0.4080777091441483, 0.7112646877850286, 0.5723417922969888], [0.4668355205798211, 0.7013273198690875, -0.5387064016050018]], "fy": 1710.9776240478311, "fx": 1710.4951518591204}, {"id": 14, "img_name": "frame_0114.jpg", "width": 1060, "height": 1890, "position": [3.163560020744639, 0.5082479092496937, 0.48366086334782], "rotation": [[0.06969438186629515, 0.44226949232815704, -0.8941702238903222], [-0.5371223011768562, 0.7719633144496395, 0.33995922508795884], [0.8406202036084748, 0.4565855202475446, 0.2913543134836438]], "fy": 1710.9776240478311, "fx": 1710.4951518591204}, {"id": 15, "img_name": "frame_0122.jpg", "width": 1060, "height": 1890, "position": [0.9128088397184573, 1.3508617661516564, -2.6405000488987223], "rotation": [[0.9721036615951087, 0.14085195413501397, -0.1875505215394783], [-0.13195778888560922, 0.9894886052901742, 0.059156081287783026], [0.19391135362789713, -0.0327570910987794, 0.9804720087370892]], "fy": 1710.9776240478311, "fx": 1710.4951518591204}, {"id": 16, "img_name": "frame_0134.jpg", "width": 1060, "height": 1890, "position": [1.8200037322839284, -2.9385063215112464, 0.4738134326341713], "rotation": [[0.42796978854812473, -0.843824684143553, -0.3237310033347231], [0.4732948002264307, -0.09590268499533951, 0.8756681489521629], [-0.7699570716401637, -0.5279797130957947, 0.35833438348920127]], "fy": 1710.9776240478311, "fx": 1710.4951518591204}, {"id": 17, "img_name": "frame_0002.jpg", "width": 1060, "height": 1890, "position": [0.17252911356412975, 1.0082461796204827, -3.4709189333443415], "rotation": [[0.9962955391650571, -0.08247932030909638, 0.02433845437076004], [0.0796357986017827, 0.9917087556911682, 0.10085575574319493], [-0.032455172482431675, -0.09854392729551716, 0.9946033159869876]], "fy": 1710.9776240478311, "fx": 1710.4951518591204}, {"id": 18, "img_name": "frame_0003.jpg", "width": 1060, "height": 1890, "position": [0.07199283692045148, 1.4325712527524876, -3.464136697980979], "rotation": [[0.9963862058725741, -0.06661725361154804, 0.05269411986276173], [0.06537693289884385, 0.9975493345471749, 0.02492351879708222], [-0.05422532057624445, -0.021388470392787125, 0.9982996283394383]], "fy": 1710.9776240478311, "fx": 1710.4951518591204}, {"id": 19, "img_name": "frame_0004.jpg", "width": 1060, "height": 1890, "position": [0.22533090361638772, 1.8458226187956344, -3.4277689826269317], "rotation": [[0.9978841854815689, -0.04266517822599512, 0.049059504000038265], [0.046564763640465294, 0.9956009931674257, -0.08130427535587004], [-0.04537482950814581, 0.08341669479774184, 0.9954811800712895]], "fy": 1710.9776240478311, "fx": 1710.4951518591204}, {"id": 20, "img_name": "frame_0005.jpg", "width": 1060, "height": 1890, "position": [0.26375044875834547, 2.031042031385462, -3.2607389472416672], "rotation": [[0.9993156285144824, -0.03181194213481529, 0.018875246867684953], [0.03506522628907173, 0.9771640498604766, -0.20957301726502928], [-0.011777287973089549, 0.21009145627055673, 0.9776107995977313]], "fy": 1710.9776240478311, "fx": 1710.4951518591204}, {"id": 21, "img_name": "frame_0006.jpg", "width": 1060, "height": 1890, "position": [0.3038560314626188, 2.366896220187701, -3.0777209745726744], "rotation": [[0.9995462522539611, -0.028615978693105712, -0.009402944671563534], [0.024395263215301326, 0.9521871122423758, -0.3045399389442725], [0.01766807113741993, 0.304172367323136, 0.9524531538187705]], "fy": 1710.9776240478311, "fx": 1710.4951518591204}, {"id": 22, "img_name": "frame_0007.jpg", "width": 1060, "height": 1890, "position": [0.3521094588553528, 2.556709249857379, -2.9922402025357693], "rotation": [[0.998965028631773, -0.029933061540097915, -0.034247385265999124], [0.01549865184530522, 0.9318889529917402, -0.36241243229632186], [0.04276287363705905, 0.3615065575045559, 0.9313883967065008]], "fy": 1710.9776240478311, "fx": 1710.4951518591204}, {"id": 23, "img_name": "frame_0008.jpg", "width": 1060, "height": 1890, "position": [0.4942736197139163, 2.821341057077196, -2.878623332618512], "rotation": [[0.9979164500701693, -0.03572652643432499, -0.05372498476769228], [0.01214477096503497, 0.921823663278452, -0.38741920236108823], [0.06336610464245165, 0.3859595174740901, 0.920336888130433]], "fy": 1710.9776240478311, "fx": 1710.4951518591204}, {"id": 24, "img_name": "frame_0010.jpg", "width": 1060, "height": 1890, "position": [0.5987883743224125, 3.1713649505749406, -2.8983877927051624], "rotation": [[0.9975519510813694, -0.03804414212340735, -0.05867493624919468], [0.011816718686418728, 0.9187016389670584, -0.3947754598739982], [0.06892365380070271, 0.3931156850207515, 0.9169021693383793]], "fy": 1710.9776240478311, "fx": 1710.4951518591204}, {"id": 25, "img_name": "frame_0011.jpg", "width": 1060, "height": 1890, "position": [0.5383875787960718, 3.291457836969183, -2.75218948208908], "rotation": [[0.9964231043486357, -0.04633699467416566, -0.07066739025034284], [0.014285475512648613, 0.9165858893816532, -0.3995825729130605], [0.08328818829585276, 0.3971437904726828, 0.9139693033025695]], "fy": 1710.9776240478311, "fx": 1710.4951518591204}, {"id": 26, "img_name": "frame_0012.jpg", "width": 1060, "height": 1890, "position": [0.5185728392662997, 3.5123238968679718, -2.7934554486124976], "rotation": [[0.9955972841205012, -0.04538827231247747, -0.08201190516242275], [0.008442331628970083, 0.9148083334609274, -0.4038000000830944], [0.09335295864914152, 0.4013298117096822, 0.9111638751314293]], "fy": 1710.9776240478311, "fx": 1710.4951518591204}, {"id": 27, "img_name": "frame_0013.jpg", "width": 1060, "height": 1890, "position": [0.331000765032545, 3.29639051539761, -2.70136130851451], "rotation": [[0.9959753395709056, -0.03681369361001825, -0.08171826558002113], [0.0022882431150735576, 0.9218994581385671, -0.387422447758597], [0.08959847604767326, 0.38567621270517083, 0.9182733645507367]], "fy": 1710.9776240478311, "fx": 1710.4951518591204}, {"id": 28, "img_name": "frame_0014.jpg", "width": 1060, "height": 1890, "position": [0.34611404579261446, 3.0335039531156354, -2.8208323486824978], "rotation": [[0.9965291459461841, -0.03430754130912994, -0.0758462516482608], [0.00579571054911054, 0.9375083466708268, -0.3479145148765197], [0.08304258557511256, 0.3462673714513907, 0.9344532286043773]], "fy": 1710.9776240478311, "fx": 1710.4951518591204}, {"id": 29, "img_name": "frame_0015.jpg", "width": 1060, "height": 1890, "position": [0.4542345793601884, 2.76856307551399, -2.821365076609661], "rotation": [[0.9971741712274956, -0.03629124898991161, -0.06577702853967865], [0.015234154979933096, 0.9550686694556564, -0.2959928329305451], [0.07356352872724936, 0.2941543504199019, 0.9529226754413187]], "fy": 1710.9776240478311, "fx": 1710.4951518591204}, {"id": 30, "img_name": "frame_0016.jpg", "width": 1060, "height": 1890, "position": [0.4621609758497938, 2.217650273703631, -2.66927937605859], "rotation": [[0.9969879032407186, -0.04912468828672854, -0.060015712879269795], [0.03451697916453039, 0.974010527030238, -0.22385725671425788], [0.06945285408844311, 0.22111141588576907, 0.9727723489203215]], "fy": 1710.9776240478311, "fx": 1710.4951518591204}, {"id": 31, "img_name": "frame_0018.jpg", "width": 1060, "height": 1890, "position": [0.5775089491131706, 1.2515371617974502, -2.6044833540814905], "rotation": [[0.9959067322477579, -0.05172858087260217, -0.07412108056753798], [0.05035961884762851, 0.9985264056514183, -0.020221918958913333], [0.07505790733236824, 0.016406435864194782, 0.9970442013316761]], "fy": 1710.9776240478311, "fx": 1710.4951518591204}, {"id": 32, "img_name": "frame_0019.jpg", "width": 1060, "height": 1890, "position": [0.6614630744620554, 0.8509321672767794, -2.5500734884375107], "rotation": [[0.9916978987396825, -0.0029029112031726924, -0.1285567996717596], [0.006795440803764932, 0.9995312775035807, 0.029850415011224898], [0.1284098891035303, -0.03047619396523012, 0.9912527941861312]], "fy": 1710.9776240478311, "fx": 1710.4951518591204}, {"id": 33, "img_name": "frame_0020.jpg", "width": 1060, "height": 1890, "position": [1.0621837654277986, 1.1098131783448875, -2.715957028073994], "rotation": [[0.9738560794435732, 0.07291984667177528, -0.21514421324348368], [-0.07255294733014259, 0.99731823487731, 0.00961291916724583], [0.2152682195878025, 0.006247746999617442, 0.9765349759701014]], "fy": 1710.9776240478311, "fx": 1710.4951518591204}, {"id": 34, "img_name": "frame_0021.jpg", "width": 1060, "height": 1890, "position": [1.3831013926093283, 1.245346845592559, -2.797381098862891], "rotation": [[0.9432397153953164, 0.13730117201670297, -0.3024024263523725], [-0.14786380465018759, 0.9889324779698725, -0.012200380762047144], [0.29738045425907456, 0.05622225697361781, 0.9531022627428071]], "fy": 1710.9776240478311, "fx": 1710.4951518591204}, {"id": 35, "img_name": "frame_0022.jpg", "width": 1060, "height": 1890, "position": [1.6210253226791276, 1.1762837820963707, -2.625632316226388], "rotation": [[0.9131781367910744, 0.18492978241799404, -0.3631895731730407], [-0.19689055587344442, 0.980416633661293, 0.004163345782434467], [0.35684702534087087, 0.0677067206050585, 0.9317059624636307]], "fy": 1710.9776240478311, "fx": 1710.4951518591204}, {"id": 36, "img_name": "frame_0023.jpg", "width": 1060, "height": 1890, "position": [1.8115228782967698, 0.9629086597969974, -2.3967073550826687], "rotation": [[0.8847488380647471, 0.22232734773441593, -0.40962183046373385], [-0.22514883295136484, 0.9734173481460292, 0.04203176595136512], [0.4080778069972909, 0.05503832099303183, 0.9112866105998431]], "fy": 1710.9776240478311, "fx": 1710.4951518591204}, {"id": 37, "img_name": "frame_0024.jpg", "width": 1060, "height": 1890, "position": [2.0599797658333574, 0.8916880060057883, -2.4432131639551815], "rotation": [[0.8595101521804626, 0.25094076840278495, -0.44527635132818133], [-0.2498252265674184, 0.9662829688927117, 0.0623264004930878], [0.44590318957062436, 0.05767109138300194, 0.8932213559635916]], "fy": 1710.9776240478311, "fx": 1710.4951518591204}, {"id": 38, "img_name": "frame_0026.jpg", "width": 1060, "height": 1890, "position": [2.5437289184724685, 0.7168122680628186, -2.257876296235425], "rotation": [[0.7675623626571039, 0.34960856243516764, -0.5372353976649901], [-0.35361711193826895, 0.9300296178201801, 0.09999924060555475], [0.5346054223225595, 0.1132199763701854, 0.8374833009523548]], "fy": 1710.9776240478311, "fx": 1710.4951518591204}, {"id": 39, "img_name": "frame_0027.jpg", "width": 1060, "height": 1890, "position": [2.8720724667599975, 0.5185027223729087, -2.1248865823164667], "rotation": [[0.7183371494975398, 0.3976390292510074, -0.570854571732649], [-0.391682333739356, 0.9093070527758629, 0.14051915601997425], [0.5749579889767958, 0.12265352089683615, 0.8089372192719085]], "fy": 1710.9776240478311, "fx": 1710.4951518591204}, {"id": 40, "img_name": "frame_0028.jpg", "width": 1060, "height": 1890, "position": [2.940436607335432, 0.3650124994675317, -1.9218234896763235], "rotation": [[0.670443081762233, 0.43593310154023573, -0.6003902106952361], [-0.4209882752293032, 0.8898309302095498, 0.1759823507112676], [0.610962311633554, 0.1347710897185211, 0.7801037156298298]], "fy": 1710.9776240478311, "fx": 1710.4951518591204}, {"id": 41, "img_name": "frame_0029.jpg", "width": 1060, "height": 1890, "position": [3.27834746788707, 0.13720165226203923, -1.6570806013063664], "rotation": [[0.6060495623798344, 0.4729082317785365, -0.6395793400785464], [-0.4536776108480458, 0.8659703200792924, 0.21040919694009752], [0.6533609671188051, 0.16264442522836628, 0.7393688102616408]], "fy": 1710.9776240478311, "fx": 1710.4951518591204}, {"id": 42, "img_name": "frame_0030.jpg", "width": 1060, "height": 1890, "position": [3.3043966578899124, -0.08510021625846395, -1.3182170135713913], "rotation": [[0.5452063023682867, 0.49404253802380954, -0.6772533192837766], [-0.47250303750206346, 0.8484340530671364, 0.2385383347543849], [0.6924528629511355, 0.18995164705541254, 0.6960081927475508]], "fy": 1710.9776240478311, "fx": 1710.4951518591204}, {"id": 43, "img_name": "frame_0031.jpg", "width": 1060, "height": 1890, "position": [3.2704212745403805, -0.18857644969599074, -1.0224979719743335], "rotation": [[0.4932163158229647, 0.5032389159805671, -0.7095690658764128], [-0.4803061948572383, 0.8376180102761822, 0.2601961337966618], [0.7252886494270967, 0.2124774395169362, 0.6548356379340884]], "fy": 1710.9776240478311, "fx": 1710.4951518591204}, {"id": 44, "img_name": "frame_0032.jpg", "width": 1060, "height": 1890, "position": [3.4908307920578503, -0.5259129906490503, -0.6503710786502626], "rotation": [[0.38615468596492397, 0.5262131638352001, -0.7576174923494574], [-0.4966536430430966, 0.8107184870747924, 0.30995272795569967], [0.7773157127958701, 0.2565837892808285, 0.5744084276183108]], "fy": 1710.9776240478311, "fx": 1710.4951518591204}, {"id": 45, "img_name": "frame_0034.jpg", "width": 1060, "height": 1890, "position": [3.364194603377404, -1.058513522587757, -0.08972791277129602], "rotation": [[0.28008246163257533, 0.5548779384463495, -0.7833672753640951], [-0.42165238397214083, 0.8042057950372192, 0.41888221055466685], [0.8624169999347455, 0.2129871185167856, 0.4592095442926568]], "fy": 1710.9776240478311, "fx": 1710.4951518591204}, {"id": 46, "img_name": "frame_0035.jpg", "width": 1060, "height": 1890, "position": [3.585939948899357, -1.1274000427355715, -0.0435859463933154], "rotation": [[0.28461733289119634, 0.5163932025170653, -0.8076701271014489], [-0.33882604047018805, 0.8423243568286809, 0.41914984455734106], [0.8967663509059626, 0.15436236033216758, 0.4147075760044488]], "fy": 1710.9776240478311, "fx": 1710.4951518591204}, {"id": 47, "img_name": "frame_0036.jpg", "width": 1060, "height": 1890, "position": [3.964353110750189, -1.4577624787912034, 0.6419099017953881], "rotation": [[0.05706257622839995, 0.5451940668645132, -0.8363655252638705], [-0.3096164295785592, 0.8060914576156958, 0.504335432518902], [0.949147790878324, 0.23017382869200328, 0.2147986956572627]], "fy": 1710.9776240478311, "fx": 1710.4951518591204}, {"id": 48, "img_name": "frame_0037.jpg", "width": 1060, "height": 1890, "position": [3.768677971418312, -1.252231507033461, 0.9626186797518592], "rotation": [[-0.12009058477236549, 0.6273561965231526, -0.7694169572689664], [-0.32955204607822985, 0.705886739040099, 0.6269923130094879], [0.936468739667632, 0.3288588060723614, 0.12197616690967747]], "fy": 1710.9776240478311, "fx": 1710.4951518591204}, {"id": 49, "img_name": "frame_0038.jpg", "width": 1060, "height": 1890, "position": [3.217944221838925, -1.3525484914350796, 1.3162646631228705], "rotation": [[-0.36725642285168464, 0.6080007642291009, -0.7038876263801019], [-0.30076311334414063, 0.6384859944971647, 0.7084329075378317], [0.8801501403315939, 0.4718799694072592, -0.05162387961476784]], "fy": 1710.9776240478311, "fx": 1710.4951518591204}, {"id": 50, "img_name": "frame_0039.jpg", "width": 1060, "height": 1890, "position": [3.1049791848868793, -1.7765319148933219, 1.6164313391382057], "rotation": [[-0.4548333892758747, 0.586547961512856, -0.670140341156189], [-0.3098168210616772, 0.6012655558702791, 0.7365414236220804], [0.8349491753316828, 0.5426243822103071, -0.09175322579520159]], "fy": 1710.9776240478311, "fx": 1710.4951518591204}, {"id": 51, "img_name": "frame_0040.jpg", "width": 1060, "height": 1890, "position": [2.948304509724679, -1.9079049878558754, 1.9413025316042811], "rotation": [[-0.5211511487767452, 0.5611604480187701, -0.6430399923084504], [-0.2922277479559972, 0.590575714728851, 0.7522122496324245], [0.8018755660657362, 0.5799304068178183, -0.14379255820408435]], "fy": 1710.9776240478311, "fx": 1710.4951518591204}, {"id": 52, "img_name": "frame_0042.jpg", "width": 1060, "height": 1890, "position": [2.4343740639604885, -2.146608734751433, 2.6310044827092276], "rotation": [[-0.7258964487999053, 0.4232663247184698, -0.5421438591176743], [-0.27040602184377444, 0.5491335284207054, 0.790779963905795], [0.6324198992523165, 0.7206233317923761, -0.28416031514999507]], "fy": 1710.9776240478311, "fx": 1710.4951518591204}, {"id": 53, "img_name": "frame_0043.jpg", "width": 1060, "height": 1890, "position": [2.0832909933884793, -2.247165866588145, 2.871241726829408], "rotation": [[-0.8087244189052494, 0.3384424205583662, -0.4810629295975323], [-0.2563087471647606, 0.5333610594410226, 0.8061214588377988], [0.5294059315810479, 0.7752307451582037, -0.3445963600624053]], "fy": 1710.9776240478311, "fx": 1710.4951518591204}, {"id": 54, "img_name": "frame_0044.jpg", "width": 1060, "height": 1890, "position": [1.800509631654541, -2.4033104083199373, 3.1831924780839844], "rotation": [[-0.8853569602957009, 0.25100903460397017, -0.3913278898866519], [-0.21576831023517992, 0.5237355598302565, 0.8241026026336423], [0.4118095301886684, 0.8140611327882387, -0.4095331279998206]], "fy": 1710.9776240478311, "fx": 1710.4951518591204}, {"id": 55, "img_name": "frame_0045.jpg", "width": 1060, "height": 1890, "position": [1.4977269320283173, -2.5507894414930434, 3.2416168305918567], "rotation": [[-0.9372076200090169, 0.1920414714482169, -0.29113905653662653], [-0.1564968092261107, 0.5144477942570971, 0.8431205226336586], [0.31168995123211723, 0.835741311787332, -0.45209051535384875]], "fy": 1710.9776240478311, "fx": 1710.4951518591204}, {"id": 56, "img_name": "frame_0046.jpg", "width": 1060, "height": 1890, "position": [0.9782191278565854, -2.784474144583333, 3.0765167292602467], "rotation": [[-0.9771888467560972, 0.1254985101281752, -0.17132449250208237], [-0.0819828183910669, 0.52126734954325, 0.8494463890021619], [0.1959101203719326, 0.8441152020048942, -0.4990879185875881]], "fy": 1710.9776240478311, "fx": 1710.4951518591204}, {"id": 57, "img_name": "frame_0047.jpg", "width": 1060, "height": 1890, "position": [0.7660329432685508, -2.4879560959959264, 3.8712082953888793], "rotation": [[-0.9964395125633088, 0.014447802701633301, -0.08306358287293863], [-0.06019441962381132, 0.5679188308797003, 0.8208805232056531], [0.05903329271476718, 0.8229577525786662, -0.5650270859188284]], "fy": 1710.9776240478311, "fx": 1710.4951518591204}, {"id": 58, "img_name": "frame_0048.jpg", "width": 1060, "height": 1890, "position": [0.7251180493565831, -2.465852885229912, 3.880370421645433], "rotation": [[-0.9971290121989149, -0.07210011720783727, 0.023136683639452003], [-0.02535326606047834, 0.6058090905401904, 0.7952059844587022], [-0.07135085795757858, 0.7923363672819033, -0.605897793486025]], "fy": 1710.9776240478311, "fx": 1710.4951518591204}, {"id": 59, "img_name": "frame_0050.jpg", "width": 1060, "height": 1890, "position": [-1.541218173702009, -2.0291218448264976, 3.991255936135194], "rotation": [[-0.7778501699480024, -0.3082257629654629, 0.5476732530955131], [0.18145711417147145, 0.7241963671635447, 0.6652916183927813], [-0.6016829969580536, 0.6168764064474197, -0.5073865098128761]], "fy": 1710.9776240478311, "fx": 1710.4951518591204}, {"id": 60, "img_name": "frame_0051.jpg", "width": 1060, "height": 1890, "position": [-2.3235448698501773, -2.0500706239444164, 3.6934903180388754], "rotation": [[-0.679713468215486, -0.38074741210567953, 0.6269138771005975], [0.12740777961780042, 0.7804315169369994, 0.6121224592058977], [-0.7223273903288849, 0.49594158481240697, -0.48195963071031245]], "fy": 1710.9776240478311, "fx": 1710.4951518591204}, {"id": 61, "img_name": "frame_0052.jpg", "width": 1060, "height": 1890, "position": [-2.630478428415133, -1.663986096047061, 3.4257577753810025], "rotation": [[-0.6774092879280081, -0.37745336632158116, 0.6313838870935612], [0.12581462634727802, 0.7862198730685542, 0.605003298329159], [-0.7247670911582308, 0.48927218135162, -0.48510349012294607]], "fy": 1710.9776240478311, "fx": 1710.4951518591204}, {"id": 62, "img_name": "frame_0053.jpg", "width": 1060, "height": 1890, "position": [-2.601384171454755, -1.5786022613063422, 3.360504450048917], "rotation": [[-0.6484734065796967, -0.3697475521755104, 0.6654088882928612], [0.15126298643891145, 0.7940963389143343, 0.5886684240354942], [-0.7460574709045579, 0.4823875539263726, -0.4590212390776987]], "fy": 1710.9776240478311, "fx": 1710.4951518591204}, {"id": 63, "img_name": "frame_0054.jpg", "width": 1060, "height": 1890, "position": [-2.986482713560838, -1.2684401134870542, 2.9115843865660467], "rotation": [[-0.5376441801888333, -0.376631370074183, 0.7543789144621695], [0.18093134348866377, 0.8223164817408086, 0.5394992611679883], [-0.8235305607276905, 0.42654942847630445, -0.3739692508938048]], "fy": 1710.9776240478311, "fx": 1710.4951518591204}, {"id": 64, "img_name": "frame_0055.jpg", "width": 1060, "height": 1890, "position": [-3.3639071886675014, -1.0252443459579472, 2.425301689630064], "rotation": [[-0.4072692158159246, -0.3728427200604009, 0.8337386232786884], [0.19467594490102083, 0.8564590568446547, 0.47809952983208337], [-0.892318924110419, 0.35702407488392995, -0.2762258996323436]], "fy": 1710.9776240478311, "fx": 1710.4951518591204}, {"id": 65, "img_name": "frame_0056.jpg", "width": 1060, "height": 1890, "position": [-3.7916767123507884, -0.6915033680109302, 2.06158929171058], "rotation": [[-0.22943455213961067, -0.33953633167558167, 0.9121813776638863], [0.23247060828170038, 0.8909420179849916, 0.3901022133671727], [-0.9451545918894073, 0.30155828634133136, -0.12548066532038782]], "fy": 1710.9776240478311, "fx": 1710.4951518591204}, {"id": 66, "img_name": "frame_0058.jpg", "width": 1060, "height": 1890, "position": [-3.9089815316026355, -0.14257213297603752, 0.9709393498729294], "rotation": [[0.08826164302147817, -0.25274876435037663, 0.9634977656904589], [0.22011081499539623, 0.9483104067323046, 0.22860140333181053], [-0.9714736802884631, 0.1918995429972891, 0.13933217110280022]], "fy": 1710.9776240478311, "fx": 1710.4951518591204}, {"id": 67, "img_name": "frame_0059.jpg", "width": 1060, "height": 1890, "position": [-3.8855407181819928, 0.30277357709662434, 0.20958677788029426], "rotation": [[0.21764953952240193, -0.2116888564590093, 0.95279405224674], [0.20769528143444177, 0.9638833168295968, 0.16670819298235798], [-0.9536725580698833, 0.16160686739322688, 0.25375553668007633]], "fy": 1710.9776240478311, "fx": 1710.4951518591204}, {"id": 68, "img_name": "frame_0060.jpg", "width": 1060, "height": 1890, "position": [-3.503376481644488, 0.6146702185695114, -0.06413907543170203], "rotation": [[0.3174452811222844, -0.18933557989814156, 0.9291827224382877], [0.2055342372881371, 0.9703093011513537, 0.12749720546567006], [-0.9257343953832425, 0.150505475926313, 0.3469350528854305]], "fy": 1710.9776240478311, "fx": 1710.4951518591204}, {"id": 69, "img_name": "frame_0061.jpg", "width": 1060, "height": 1890, "position": [-3.348953421777006, 0.7687049520929841, -0.3448289443742309], "rotation": [[0.4117874086749656, -0.1740218178043023, 0.8945096628795259], [0.19652303604954635, 0.9754578974377252, 0.09930048654584425], [-0.88983696616775, 0.13490106468986413, 0.4358805758311736]], "fy": 1710.9776240478311, "fx": 1710.4951518591204}, {"id": 70, "img_name": "frame_0062.jpg", "width": 1060, "height": 1890, "position": [-3.1515062078102636, 0.8639621983067329, -0.702533304303185], "rotation": [[0.5034884818837794, -0.14740074524073424, 0.851335638225514], [0.16882732405667536, 0.9831301537671793, 0.07037354194287035], [-0.8473468494437382, 0.10829644987809514, 0.5198799819973565]], "fy": 1710.9776240478311, "fx": 1710.4951518591204}, {"id": 71, "img_name": "frame_0063.jpg", "width": 1060, "height": 1890, "position": [-2.8518395068148874, 0.7363278622199295, -1.0194851354712897], "rotation": [[0.6016871692124897, -0.11742316064504547, 0.7900533853792343], [0.1334411605530875, 0.9900109667965974, 0.04551639586688907], [-0.7875061949440817, 0.07803900926199714, 0.6113459789334514]], "fy": 1710.9776240478311, "fx": 1710.4951518591204}, {"id": 72, "img_name": "frame_0064.jpg", "width": 1060, "height": 1890, "position": [-2.8544532917131096, 0.878296994981679, -1.5669522468977888], "rotation": [[0.7104158939668265, -0.07642895813836943, 0.6996198052922729], [0.08702547748186319, 0.9959964170663552, 0.020437794891740132], [-0.6983808587499861, 0.046365413282602005, 0.7142229515933839]], "fy": 1710.9776240478311, "fx": 1710.4951518591204}, {"id": 73, "img_name": "frame_0066.jpg", "width": 1060, "height": 1890, "position": [-1.9782731981028379, 1.375488244246243, -2.5604521038713486], "rotation": [[0.8790148984365148, 0.05756564040664128, 0.47330646031003726], [-0.03824891448512258, 0.9979991479267146, -0.0503460155152489], [-0.4752576447226845, 0.02615143938916503, 0.8794579429117242]], "fy": 1710.9776240478311, "fx": 1710.4951518591204}, {"id": 74, "img_name": "frame_0067.jpg", "width": 1060, "height": 1890, "position": [-1.3105929979146902, 1.3604710013371288, -2.26082066643662], "rotation": [[0.9229250754195225, 0.0793586908940762, 0.37671143245387073], [-0.07674752233357583, 0.9968086587989207, -0.021961683887038258], [-0.37725206822166785, -0.008642680317782283, 0.9260702895025833]], "fy": 1710.9776240478311, "fx": 1710.4951518591204}, {"id": 75, "img_name": "frame_0068.jpg", "width": 1060, "height": 1890, "position": [-0.7490322377808917, 1.0945211559088452, -2.222803155940616], "rotation": [[0.9549768519236789, 0.09523994236780965, 0.28097787398248364], [-0.10771845740869582, 0.9937505068121065, 0.029268825466225952], [-0.2764343434225045, -0.05821755395460813, 0.9592678302685393]], "fy": 1710.9776240478311, "fx": 1710.4951518591204}, {"id": 76, "img_name": "frame_0069.jpg", "width": 1060, "height": 1890, "position": [-1.002863722873325, 0.6430598198814105, -1.738366621930755], "rotation": [[0.9383474293274304, 0.11752348727133029, 0.3251035709034714], [-0.13793316708992986, 0.9896182872538618, 0.04037433527966065], [-0.3169835063392802, -0.08272771888743474, 0.9448161626668636]], "fy": 1710.9776240478311, "fx": 1710.4951518591204}, {"id": 77, "img_name": "frame_0071.jpg", "width": 1060, "height": 1890, "position": [-2.038238268729939, 0.012880388288974094, -1.3995056954657183], "rotation": [[0.7061814190428584, -0.2872381612795024, 0.6471491652651538], [0.193937563888467, 0.9575283622520324, 0.21337210875826151], [-0.6809522925371655, -0.02517288596309739, 0.7318950068832736]], "fy": 1710.9776240478311, "fx": 1710.4951518591204}, {"id": 78, "img_name": "frame_0072.jpg", "width": 1060, "height": 1890, "position": [-2.4624363261886373, 0.3845657269476489, -1.2898023373768615], "rotation": [[0.6777956876640604, -0.3140394430415419, 0.6648099232097558], [0.24388587442870396, 0.9490311324837601, 0.19964866598787548], [-0.6936228701810155, 0.02681674459642648, 0.7198389932277217]], "fy": 1710.9776240478311, "fx": 1710.4951518591204}, {"id": 79, "img_name": "frame_0073.jpg", "width": 1060, "height": 1890, "position": [-2.4771760389230892, 1.122440807554182, -1.1100960445741888], "rotation": [[0.6444807866498087, -0.26111233863410416, 0.7186548978837288], [0.3085160624102054, 0.9487817228229359, 0.06805205119644633], [-0.6996158623660174, 0.17785833983867752, 0.6920289416460005]], "fy": 1710.9776240478311, "fx": 1710.4951518591204}, {"id": 80, "img_name": "frame_0075.jpg", "width": 1060, "height": 1890, "position": [-2.8541798832512923, 2.002375065967185, -0.7649887768985769], "rotation": [[0.5998025863117105, -0.06737181154473698, 0.7973066514603795], [0.33984451808910593, 0.9235565436929618, -0.17762042147988918], [-0.7243911657237174, 0.37749748292020513, 0.576847544339354]], "fy": 1710.9776240478311, "fx": 1710.4951518591204}, {"id": 81, "img_name": "frame_0076.jpg", "width": 1060, "height": 1890, "position": [-2.9214667905256038, 2.2832094293002516, -0.7923986637850788], "rotation": [[0.5782569850983071, -0.03580739710044114, 0.8150685182841423], [0.3464600213070369, 0.9152585556111469, -0.205589956020533], [-0.7386367935737724, 0.401272484346346, 0.5416604845155014]], "fy": 1710.9776240478311, "fx": 1710.4951518591204}, {"id": 82, "img_name": "frame_0077.jpg", "width": 1060, "height": 1890, "position": [-2.7036624855847244, 1.5770375008092077, -1.132748751841872], "rotation": [[0.6471328323317059, -0.2240605021456029, 0.728708438743922], [0.3259496273361691, 0.9453863471100743, 0.0012227580637013818], [-0.6891849807981575, 0.23673095715628348, 0.684822981628182]], "fy": 1710.9776240478311, "fx": 1710.4951518591204}, {"id": 83, "img_name": "frame_0078.jpg", "width": 1060, "height": 1890, "position": [-2.3989681092212605, 0.8093360428176788, -1.2350433645811467], "rotation": [[0.7180735205008371, -0.3253199472291969, 0.6152538915686162], [0.28725446891126244, 0.9437524859714982, 0.16375626801171791], [-0.6339205701395425, 0.059145389992877474, 0.7711332787505333]], "fy": 1710.9776240478311, "fx": 1710.4951518591204}, {"id": 84, "img_name": "frame_0079.jpg", "width": 1060, "height": 1890, "position": [-2.1132399602499548, 0.009742665046677668, -1.409949968634678], "rotation": [[0.7216253576744792, -0.3797650419232136, 0.5788223873471375], [0.26153158047581726, 0.9236947467418132, 0.2799807980119323], [-0.6409821179838022, -0.05066090972966414, 0.7658821036232417]], "fy": 1710.9776240478311, "fx": 1710.4951518591204}, {"id": 85, "img_name": "frame_0080.jpg", "width": 1060, "height": 1890, "position": [-2.1520194597233644, -0.2696224702272131, -1.394904289275505], "rotation": [[0.6637708710084675, -0.4232829847387893, 0.6166358290200806], [0.26953762487747823, 0.9044284199129876, 0.33069427274917307], [-0.69768022730766, -0.05329866869180288, 0.7144239304079988]], "fy": 1710.9776240478311, "fx": 1710.4951518591204}, {"id": 86, "img_name": "frame_0081.jpg", "width": 1060, "height": 1890, "position": [-2.9318614825443174, -0.24418285140578544, -0.3635071739261402], "rotation": [[0.3199085275255672, -0.4063547781660647, 0.8558821929903855], [0.3350161104696531, 0.8935119044231014, 0.2989994688623841], [-0.8862407910620049, 0.1910818435011841, 0.4219774749225134]], "fy": 1710.9776240478311, "fx": 1710.4951518591204}, {"id": 87, "img_name": "frame_0083.jpg", "width": 1060, "height": 1890, "position": [-3.5899246064385237, 0.7216295554883714, 0.9675502560842523], "rotation": [[0.12036119982448498, -0.1906256740565734, 0.9742561439207282], [0.48757030576109817, 0.8662212143195606, 0.10925202425024041], [-0.8647475808100529, 0.46186866125904535, 0.1972028428546036]], "fy": 1710.9776240478311, "fx": 1710.4951518591204}, {"id": 88, "img_name": "frame_0084.jpg", "width": 1060, "height": 1890, "position": [-3.7806905582512678, 1.05712932425889, 1.1189737801356996], "rotation": [[0.08779694551147285, -0.1095131692268731, 0.9901002788226765], [0.5008161668003008, 0.8640403964961907, 0.051160143609638456], [-0.8610893469497277, 0.4913665220470274, 0.13070607323724273]], "fy": 1710.9776240478311, "fx": 1710.4951518591204}, {"id": 89, "img_name": "frame_0085.jpg", "width": 1060, "height": 1890, "position": [-3.9948761149470893, 1.4830429117811283, 1.3155700832755028], "rotation": [[0.03656900681638129, -0.10283808882849889, 0.9940256713116444], [0.524981351122728, 0.8483564070862417, 0.06845427327112517], [-0.8503277537007826, 0.5193416351900015, 0.08501163005352202]], "fy": 1710.9776240478311, "fx": 1710.4951518591204}, {"id": 90, "img_name": "frame_0086.jpg", "width": 1060, "height": 1890, "position": [-3.816589582727236, 0.6986330645232781, 0.9818650984143209], "rotation": [[0.05356041396739586, -0.23248160900127524, 0.9711249062462658], [0.524890316567018, 0.833882146749303, 0.1706772419127685], [-0.8494830414021323, 0.500592515734057, 0.16669041832460255]], "fy": 1710.9776240478311, "fx": 1710.4951518591204}, {"id": 91, "img_name": "frame_0087.jpg", "width": 1060, "height": 1890, "position": [-3.541312944491862, -0.4419472063809742, 0.646919220246896], "rotation": [[0.0945339535580013, -0.42639084624122064, 0.8995855589472238], [0.5360219670976671, 0.7832632288596426, 0.31492723779488246], [-0.8388943809642789, 0.45242630400769446, 0.30259982985536577]], "fy": 1710.9776240478311, "fx": 1710.4951518591204}, {"id": 92, "img_name": "frame_0088.jpg", "width": 1060, "height": 1890, "position": [-3.4907568192177574, -0.8824412915550102, 0.28243521189003734], "rotation": [[-0.04322791995230579, -0.6262922162482754, 0.7783889816816659], [0.5518084734069977, 0.6345275219976527, 0.5411859500243491], [-0.8328497797399217, 0.4529159786255524, 0.31816404682619664]], "fy": 1710.9776240478311, "fx": 1710.4951518591204}, {"id": 93, "img_name": "frame_0089.jpg", "width": 1060, "height": 1890, "position": [-3.0634515912394575, -1.5484154391708587, 1.1788015056203318], "rotation": [[-0.3528962629205923, -0.5711699927684377, 0.7410999035066614], [0.44779022412590785, 0.5923646185983158, 0.6697671788092792], [-0.8215522763610049, 0.5682156263195995, 0.04672107888604425]], "fy": 1710.9776240478311, "fx": 1710.4951518591204}, {"id": 94, "img_name": "frame_0091.jpg", "width": 1060, "height": 1890, "position": [-3.2921513515986334, -0.19998488961773603, 2.672983939681775], "rotation": [[-0.5061867589546483, -0.19554142172887337, 0.8399634024451539], [0.334577051663703, 0.8531518082711012, 0.4002376650738584], [-0.7948793377356166, 0.4836274851908245, -0.36643047636487086]], "fy": 1710.9776240478311, "fx": 1710.4951518591204}, {"id": 95, "img_name": "frame_0092.jpg", "width": 1060, "height": 1890, "position": [-3.2141557214996417, 0.21325389406300954, 3.104734257388031], "rotation": [[-0.5920952771732383, -0.17800366524200273, 0.7859630257903729], [0.3126088918332959, 0.8481955486500538, 0.4275979326388202], [-0.7427643391385348, 0.49887774695875875, -0.446567049941493]], "fy": 1710.9776240478311, "fx": 1710.4951518591204}, {"id": 96, "img_name": "frame_0093.jpg", "width": 1060, "height": 1890, "position": [-2.8252296520164237, -0.4211963812621091, 3.117737457309057], "rotation": [[-0.6929634083176717, -0.19545663022079815, 0.6939729248576527], [0.30397790279355796, 0.7936066188358045, 0.5270540476585226], [-0.6537577145594426, 0.5761816035268152, -0.49052585091030804]], "fy": 1710.9776240478311, "fx": 1710.4951518591204}, {"id": 97, "img_name": "frame_0094.jpg", "width": 1060, "height": 1890, "position": [-2.3277740620247243, -1.272352246142218, 3.0688142714900226], "rotation": [[-0.7726726540763283, -0.22377963915799867, 0.5940535689152607], [0.2821133966053284, 0.7172679316745526, 0.6371332244100241], [-0.5686730177337826, 0.6598858895973041, -0.4910820823568372]], "fy": 1710.9776240478311, "fx": 1710.4951518591204}, {"id": 98, "img_name": "frame_0095.jpg", "width": 1060, "height": 1890, "position": [-2.2994261278799057, -1.7273856537504155, 3.0693520474574347], "rotation": [[-0.7583459062748681, -0.3123653354941939, 0.572135808718304], [0.263792008942414